,,,,,,,,Checked by: ________________,,,,,
CART MANIFEST,,,,,,,,,,,,,
,,,,,,,,ROUTE :    ,,,,401,
,,,,,,,,,,,,,LAST 4 of oLPN
,,,,,,WRIN,TRAILER ,,DISPATCH,,,,
,STOP,CASES,,DESCRIPTION,,,,,,,STORE,,
50,,16,,,REG BUN ,1570,14L,,10/26/2016 1:00,,13461,,1176
50,,2,,,BIG MAC ,3423,14L,,10/26/2016 1:00,,13461,,1176
50,,2,,,QTR PNDER BN ,2558,14L,,10/26/2016 1:00,,13461,,1176
50,,4,,,ENGLISH MUFFIN,14201,14L,,10/26/2016 1:00,,13461,,1176
,,24,,,,,,,,,,,
CART ,,,,,,,,,,,,,
Page 1 of,,,90,,,,,,,Last printed:,,10/26/2016 14:38,
,,,,,,,,Checked by: ________________,,,,,
CART MANIFEST,,,,,,,,,,,,,
,,,,,,,,ROUTE :    ,,,,401,
,,,,,,,,,,,,,LAST 4 of oLPN
,,,,,,WRIN,TRAILER ,,DISPATCH,,,,
,STOP,CASES,,DESCRIPTION,,,,,,,STORE,,
40,,26,,,REG BUN ,1570,15L,,10/26/2016 1:00,,34361,,1237
40,,5,,,BIG MAC ,3423,15L,,10/26/2016 1:00,,34361,,1237
40,,5,,,QTR PNDER BN ,2558,15L,,10/26/2016 1:00,,34361,,1237
40,,4,,,ENGLISH MUFFIN,14201,15L,,10/26/2016 1:00,,34361,,1237
,,40,,,,,,,,,,,
CART ,,,,,,,,,,,,,
Page 2 of,,,90,,,,,,,Last printed:,,10/26/2016 14:38,
,,,,,,,,Checked by: ________________,,,,,
CART MANIFEST,,,,,,,,,,,,,
,,,,,,,,ROUTE :    ,,,,401,
,,,,,,,,,,,,,LAST 4 of oLPN
,,,,,,WRIN,TRAILER ,,DISPATCH,,,,
,STOP,CASES,,DESCRIPTION,,,,,,,STORE,,
30,,20,,,REG BUN ,1570,15R,,10/26/2016 1:00,,3798,,1282
30,,5,,,BIG MAC ,3423,15R,,10/26/2016 1:00,,3798,,1282
30,,4,,,QTR PNDER BN ,2558,15R,,10/26/2016 1:00,,3798,,1282
30,,3,,,ENGLISH MUFFIN,14201,15R,,10/26/2016 1:00,,3798,,1282
,,32,,,,,,,,,,,
CART ,,,,,,,,,,,,,
Page 3 of,,,90,,,,,,,Last printed:,,10/26/2016 14:38,
,,,,,,,,Checked by: ________________,,,,,
CART MANIFEST,,,,,,,,,,,,,
,,,,,,,,ROUTE :    ,,,,401,
,,,,,,,,,,,,,LAST 4 of oLPN
,,,,,,WRIN,TRAILER ,,DISPATCH,,,,
,STOP,CASES,,DESCRIPTION,,,,,,,STORE,,
20,,9,,,BIG MAC ,3423,16L,,10/26/2016 1:00,,5453,,1121
20,,6,,,QTR PNDER BN ,2558,16L,,10/26/2016 1:00,,5453,,1121
20,,9,,,ENGLISH MUFFIN,14201,16L,,10/26/2016 1:00,,5453,,1121
,,24,,,,,,,,,,,
CART ,,,,,,,,,,,,,
Page 4 of,,,90,,,,,,,Last printed:,,10/26/2016 14:38,
,,,,,,,,Checked by: ________________,,,,,
CART MANIFEST,,,,,,,,,,,,,
,,,,,,,,ROUTE :    ,,,,401,
,,,,,,,,,,,,,LAST 4 of oLPN
,,,,,,WRIN,TRAILER ,,DISPATCH,,,,
,STOP,CASES,,DESCRIPTION,,,,,,,STORE,,
20,,24,,,REG BUN ,1570,16R,,10/26/2016 1:00,,5453,,1121
,,24,,,,,,,,,,,
CART ,,,,,,,,,,,,,
Page 5 of,,,90,,,,,,,Last printed:,,10/26/2016 14:38,
,,,,,,,,Checked by: ________________,,,,,
CART MANIFEST,,,,,,,,,,,,,
,,,,,,,,ROUTE :    ,,,,401,
,,,,,,,,,,,,,LAST 4 of oLPN
,,,,,,WRIN,TRAILER ,,DISPATCH,,,,
,STOP,CASES,,DESCRIPTION,,,,,,,STORE,,
10,,5,,,QTR PNDER BN ,2558,17L,,10/26/2016 1:00,,4617,,1053
10,,17,,,REG BUN ,1570,17L,,10/26/2016 1:00,,4617,,
10,,2,,,BIG MAC ,3423,17L,,10/26/2016 1:00,,4617,,
,,24,,,,,,,,,,,
CART ,,,,,,,,,,,,,
Page 6 of,,,90,,,,,,,Last printed:,,10/26/2016 14:38,
,,,,,,,,Checked by: ________________,,,,,
CART MANIFEST,,,,,,,,,,,,,
,,,,,,,,ROUTE :    ,,,,401,
,,,,,,,,,,,,,LAST 4 of oLPN
,,,,,,WRIN,TRAILER ,,DISPATCH,,,,
,STOP,CASES,,DESCRIPTION,,,,,,,STORE,,
10,,8,,,ENGLISH MUFFIN,14201,17R,,10/26/2016 1:00,,4617,,1053
10,,13,,,REG BUN ,1570,17R,,10/26/2016 1:00,,4617,,
10,,4,,,BIG MAC ,3423,17R,,10/26/2016 1:00,,4617,,
,,25,,,,,,,,,,,
CART ,,,,,,,,,,,,,
Page 7 of,,,90,,,,,,,Last printed:,,10/26/2016 14:38,
,,,,,,,,Checked by: ________________,,,,,
CART MANIFEST,,,,,,,,,,,,,
,,,,,,,,ROUTE :    ,,,,402,
,,,,,,,,,,,,,LAST 4 of oLPN
,,,,,,WRIN,TRAILER ,,DISPATCH,,,,
,STOP,CASES,,DESCRIPTION,,,,,,,STORE,,
10,,42,,,REG BUN ,1570,05L,,10/26/2016 0:35,,6866,,
,,42,,,,,,,,,,,
CART ,,,,,,,,,,,,,
Page 8 of,,,90,,,,,,,Last printed:,,10/26/2016 14:38,
,,,,,,,,Checked by: ________________,,,,,
CART MANIFEST,,,,,,,,,,,,,
,,,,,,,,ROUTE :    ,,,,402,
,,,,,,,,,,,,,LAST 4 of oLPN
,,,,,,WRIN,TRAILER ,,DISPATCH,,,,
,STOP,CASES,,DESCRIPTION,,,,,,,STORE,,
20,,20,,,REG BUN ,1570,05R,,10/26/2016 0:35,,11688,,308
20,,2,,,BIG MAC ,3423,05R,,10/26/2016 0:35,,11688,,308
10,,5,,,QTR PNDER BN ,2558,05R,,10/26/2016 0:35,,6866,,216
20,,3,,,QTR PNDER BN ,2558,05R,,10/26/2016 0:35,,11688,,308
20,,3,,,ENGLISH MUFFIN,14201,05R,,10/26/2016 0:35,,11688,,308
10,,6,,,ENGLISH MUFFIN,14201,05R,,10/26/2016 0:35,,6866,,
,,39,,,,,,,,,,,
CART ,,,,,,,,,,,,,
Page 9 of,,,90,,,,,,,Last printed:,,10/26/2016 14:38,
,,,,,,,,Checked by: ________________,,,,,
CART MANIFEST,,,,,,,,,,,,,
,,,,,,,,ROUTE :    ,,,,402,
,,,,,,,,,,,,,LAST 4 of oLPN
,,,,,,WRIN,TRAILER ,,DISPATCH,,,,
,STOP,CASES,,DESCRIPTION,,,,,,,STORE,,
10,,23,,,BIG MAC ,3423,06L,,10/26/2016 0:35,,6866,,216
10,,1,,,ENGLISH MUFFIN,14201,06L,,10/26/2016 0:35,,6866,,
10,,18,,,REG BUN ,1570,06L,,10/26/2016 0:35,,6866,,
,,42,,,,,,,,,,,
CART ,,,,,,,,,,,,,
Page 10 of,,,90,,,,,,,Last printed:,,10/26/2016 14:38,
,,,,,,,,Checked by: ________________,,,,,
CART MANIFEST,,,,,,,,,,,,,
,,,,,,,,ROUTE :    ,,,,402,
,,,,,,,,,,,,,LAST 4 of oLPN
,,,,,,WRIN,TRAILER ,,DISPATCH,,,,
,STOP,CASES,,DESCRIPTION,,,,,,,STORE,,
40,,20,,,REG BUN ,1570,14L,,10/26/2016 0:35,,18581,,94
40,,5,,,BIG MAC ,3423,14L,,10/26/2016 0:35,,18581,,94
40,,1,,,QTR PNDER BN ,2558,14L,,10/26/2016 0:35,,18581,,94
40,,5,,,ENGLISH MUFFIN,14201,14L,,10/26/2016 0:35,,18581,,94
,,31,,,,,,,,,,,
CART ,,,,,,,,,,,,,
Page 11 of,,,90,,,,,,,Last printed:,,10/26/2016 14:38,
,,,,,,,,Checked by: ________________,,,,,
CART MANIFEST,,,,,,,,,,,,,
,,,,,,,,ROUTE :    ,,,,402,
,,,,,,,,,,,,,LAST 4 of oLPN
,,,,,,WRIN,TRAILER ,,DISPATCH,,,,
,STOP,CASES,,DESCRIPTION,,,,,,,STORE,,
30,,10,,,BIG MAC ,3423,15L,,10/26/2016 0:35,,4595,,148
30,,6,,,QTR PNDER BN ,2558,15L,,10/26/2016 0:35,,4595,,148
30,,7,,,ENGLISH MUFFIN,14201,15L,,10/26/2016 0:35,,4595,,148
30,,8,,,REG BUN ,1570,15L,,10/26/2016 0:35,,4595,,
,,31,,,,,,,,,,,
CART ,,,,,,,,,,,,,
Page 12 of,,,90,,,,,,,Last printed:,,10/26/2016 14:38,
,,,,,,,,Checked by: ________________,,,,,
CART MANIFEST,,,,,,,,,,,,,
,,,,,,,,ROUTE :    ,,,,402,
,,,,,,,,,,,,,LAST 4 of oLPN
,,,,,,WRIN,TRAILER ,,DISPATCH,,,,
,STOP,CASES,,DESCRIPTION,,,,,,,STORE,,
30,,42,,,REG BUN ,1570,15R,,10/26/2016 0:35,,4595,,
,,42,,,,,,,,,,,
CART ,,,,,,,,,,,,,
Page 13 of,,,90,,,,,,,Last printed:,,10/26/2016 14:38,
,,,,,,,,Checked by: ________________,,,,,
CART MANIFEST,,,,,,,,,,,,,
,,,,,,,,ROUTE :    ,,,,403,
,,,,,,,,,,,,,LAST 4 of oLPN
,,,,,,WRIN,TRAILER ,,DISPATCH,,,,
,STOP,CASES,,DESCRIPTION,,,,,,,STORE,,
10,,39,,,REG BUN ,1570,08L,,10/26/2016 0:26,,2130,,9791
10,,3,,,BIG MAC ,3423,08L,,10/26/2016 0:26,,2130,,
,,42,,,,,,,,,,,
CART ,,,,,,,,,,,,,
Page 14 of,,,90,,,,,,,Last printed:,,10/26/2016 14:38,
,,,,,,,,Checked by: ________________,,,,,
CART MANIFEST,,,,,,,,,,,,,
,,,,,,,,ROUTE :    ,,,,403,
,,,,,,,,,,,,,LAST 4 of oLPN
,,,,,,WRIN,TRAILER ,,DISPATCH,,,,
,STOP,CASES,,DESCRIPTION,,,,,,,STORE,,
10,,4,,,QTR PNDER BN ,2558,08R,,10/26/2016 0:26,,2130,,9791
10,,4,,,ENGLISH MUFFIN,14201,08R,,10/26/2016 0:26,,2130,,9791
20,,25,,,REG BUN ,1570,08R,,10/26/2016 0:26,,5182,,
10,,9,,,BIG MAC ,3423,08R,,10/26/2016 0:26,,2130,,
,,42,,,,,,,,,,,
CART ,,,,,,,,,,,,,
Page 15 of,,,90,,,,,,,Last printed:,,10/26/2016 14:38,
,,,,,,,,Checked by: ________________,,,,,
CART MANIFEST,,,,,,,,,,,,,
,,,,,,,,ROUTE :    ,,,,403,
,,,,,,,,,,,,,LAST 4 of oLPN
,,,,,,WRIN,TRAILER ,,DISPATCH,,,,
,STOP,CASES,,DESCRIPTION,,,,,,,STORE,,
50,,14,,,BIG MAC ,3423,16L,,10/26/2016 0:26,,3044,,18
50,,4,,,QTR PNDER BN ,2558,16L,,10/26/2016 0:26,,3044,,18
50,,10,,,ENGLISH MUFFIN,14201,16L,,10/26/2016 0:26,,3044,,18
50,,17,,,REG BUN ,1570,16L,,10/26/2016 0:26,,3044,,
,,45,,,,,,,,,,,
CART ,,,,,,,,,,,,,
Page 16 of,,,90,,,,,,,Last printed:,,10/26/2016 14:38,
,,,,,,,,Checked by: ________________,,,,,
CART MANIFEST,,,,,,,,,,,,,
,,,,,,,,ROUTE :    ,,,,403,
,,,,,,,,,,,,,LAST 4 of oLPN
,,,,,,WRIN,TRAILER ,,DISPATCH,,,,
,STOP,CASES,,DESCRIPTION,,,,,,,STORE,,
50,,38,,,REG BUN ,1570,16R,,10/26/2016 0:26,,3044,,
40,,4,,,QTR PNDER BN ,2558,16R,,10/26/2016 0:26,,7939,,
,,42,,,,,,,,,,,
CART ,,,,,,,,,,,,,
Page 17 of,,,90,,,,,,,Last printed:,,10/26/2016 14:38,
,,,,,,,,Checked by: ________________,,,,,
CART MANIFEST,,,,,,,,,,,,,
,,,,,,,,ROUTE :    ,,,,403,
,,,,,,,,,,,,,LAST 4 of oLPN
,,,,,,WRIN,TRAILER ,,DISPATCH,,,,
,STOP,CASES,,DESCRIPTION,,,,,,,STORE,,
40,,14,,,BIG MAC ,3423,17L,,10/26/2016 0:26,,7939,,9920
40,,19,,,ENGLISH MUFFIN,14201,17L,,10/26/2016 0:26,,7939,,9920
40,,7,,,REG BUN ,1570,17L,,10/26/2016 0:26,,7939,,
40,,2,,,QTR PNDER BN ,2558,17L,,10/26/2016 0:26,,7939,,
,,42,,,,,,,,,,,
CART ,,,,,,,,,,,,,
Page 18 of,,,90,,,,,,,Last printed:,,10/26/2016 14:38,
,,,,,,,,Checked by: ________________,,,,,
CART MANIFEST,,,,,,,,,,,,,
,,,,,,,,ROUTE :    ,,,,403,
,,,,,,,,,,,,,LAST 4 of oLPN
,,,,,,WRIN,TRAILER ,,DISPATCH,,,,
,STOP,CASES,,DESCRIPTION,,,,,,,STORE,,
30,,2,,,QTR PNDER BN ,2558,17R,,10/26/2016 0:26,,19513,,9715
30,,3,,,ENGLISH MUFFIN,14201,17R,,10/26/2016 0:26,,19513,,9715
40,,37,,,REG BUN ,1570,17R,,10/26/2016 0:26,,7939,,
,,42,,,,,,,,,,,
CART ,,,,,,,,,,,,,
Page 19 of,,,90,,,,,,,Last printed:,,10/26/2016 14:38,
,,,,,,,,Checked by: ________________,,,,,
CART MANIFEST,,,,,,,,,,,,,
,,,,,,,,ROUTE :    ,,,,403,
,,,,,,,,,,,,,LAST 4 of oLPN
,,,,,,WRIN,TRAILER ,,DISPATCH,,,,
,STOP,CASES,,DESCRIPTION,,,,,,,STORE,,
30,,19,,,REG BUN ,1570,18R,,10/26/2016 0:26,,19513,,9715
30,,5,,,BIG MAC ,3423,18R,,10/26/2016 0:26,,19513,,9715
20,,7,,,BIG MAC ,3423,18R,,10/26/2016 0:26,,5182,,9876
20,,5,,,QTR PNDER BN ,2558,18R,,10/26/2016 0:26,,5182,,9876
20,,4,,,ENGLISH MUFFIN,14201,18R,,10/26/2016 0:26,,5182,,9876
20,,2,,,REG BUN ,1570,18R,,10/26/2016 0:26,,5182,,
,,42,,,,,,,,,,,
CART ,,,,,,,,,,,,,
Page 20 of,,,90,,,,,,,Last printed:,,10/26/2016 14:38,
,,,,,,,,Checked by: ________________,,,,,
CART MANIFEST,,,,,,,,,,,,,
,,,,,,,,ROUTE :    ,,,,405,
,,,,,,,,,,,,,LAST 4 of oLPN
,,,,,,WRIN,TRAILER ,,DISPATCH,,,,
,STOP,CASES,,DESCRIPTION,,,,,,,STORE,,
70,,16,,,REG BUN ,1570,15R,,10/26/2016 0:52,,6185,,551
70,,6,,,BIG MAC ,3423,15R,,10/26/2016 0:52,,6185,,551
70,,4,,,QTR PNDER BN ,2558,15R,,10/26/2016 0:52,,6185,,551
70,,5,,,ENGLISH MUFFIN,14201,15R,,10/26/2016 0:52,,6185,,551
,,31,,,,,,,,,,,
CART ,,,,,,,,,,,,,
Page 21 of,,,90,,,,,,,Last printed:,,10/26/2016 14:38,
,,,,,,,,Checked by: ________________,,,,,
CART MANIFEST,,,,,,,,,,,,,
,,,,,,,,ROUTE :    ,,,,405,
,,,,,,,,,,,,,LAST 4 of oLPN
,,,,,,WRIN,TRAILER ,,DISPATCH,,,,
,STOP,CASES,,DESCRIPTION,,,,,,,STORE,,
50,,4,,,REG BUN ,1570,16L,,10/26/2016 0:52,,22089,,452
60,,20,,,REG BUN ,1570,16L,,10/26/2016 0:52,,11217,,513
50,,1,,,BIG MAC ,3423,16L,,10/26/2016 0:52,,22089,,452
60,,6,,,BIG MAC ,3423,16L,,10/26/2016 0:52,,11217,,513
60,,5,,,QTR PNDER BN ,2558,16L,,10/26/2016 0:52,,11217,,513
50,,1,,,ENGLISH MUFFIN,14201,16L,,10/26/2016 0:52,,22089,,452
60,,4,,,ENGLISH MUFFIN,14201,16L,,10/26/2016 0:52,,11217,,513
,,41,,,,,,,,,,,
CART ,,,,,,,,,,,,,
Page 22 of,,,90,,,,,,,Last printed:,,10/26/2016 14:38,
,,,,,,,,Checked by: ________________,,,,,
CART MANIFEST,,,,,,,,,,,,,
,,,,,,,,ROUTE :    ,,,,405,
,,,,,,,,,,,,,LAST 4 of oLPN
,,,,,,WRIN,TRAILER ,,DISPATCH,,,,
,STOP,CASES,,DESCRIPTION,,,,,,,STORE,,
40,,4,,,BIG MAC ,3423,16R,,10/26/2016 0:52,,3665,,612
40,,4,,,QTR PNDER BN ,2558,16R,,10/26/2016 0:52,,3665,,612
40,,9,,,ENGLISH MUFFIN,14201,16R,,10/26/2016 0:52,,3665,,612
40,,6,,,REG BUN ,1570,16R,,10/26/2016 0:52,,3665,,
,,23,,,,,,,,,,,
CART ,,,,,,,,,,,,,
Page 23 of,,,90,,,,,,,Last printed:,,10/26/2016 14:38,
,,,,,,,,Checked by: ________________,,,,,
CART MANIFEST,,,,,,,,,,,,,
,,,,,,,,ROUTE :    ,,,,405,
,,,,,,,,,,,,,LAST 4 of oLPN
,,,,,,WRIN,TRAILER ,,DISPATCH,,,,
,STOP,CASES,,DESCRIPTION,,,,,,,STORE,,
40,,24,,,REG BUN ,1570,17L,,10/26/2016 0:52,,3665,,
,,24,,,,,,,,,,,
CART ,,,,,,,,,,,,,
Page 24 of,,,90,,,,,,,Last printed:,,10/26/2016 14:38,
,,,,,,,,Checked by: ________________,,,,,
CART MANIFEST,,,,,,,,,,,,,
,,,,,,,,ROUTE :    ,,,,405,
,,,,,,,,,,,,,LAST 4 of oLPN
,,,,,,WRIN,TRAILER ,,DISPATCH,,,,
,STOP,CASES,,DESCRIPTION,,,,,,,STORE,,
30,,15,,,REG BUN ,1570,17R,,10/26/2016 0:52,,5388,,414
30,,4,,,BIG MAC ,3423,17R,,10/26/2016 0:52,,5388,,414
30,,1,,,QTR PNDER BN ,2558,17R,,10/26/2016 0:52,,5388,,414
20,,3,,,QTR PNDER BN ,2558,17R,,10/26/2016 0:52,,11582,,667
30,,4,,,ENGLISH MUFFIN,14201,17R,,10/26/2016 0:52,,5388,,414
20,,4,,,ENGLISH MUFFIN,14201,17R,,10/26/2016 0:52,,11582,,
,,31,,,,,,,,,,,
CART ,,,,,,,,,,,,,
Page 25 of,,,90,,,,,,,Last printed:,,10/26/2016 14:38,
,,,,,,,,Checked by: ________________,,,,,
CART MANIFEST,,,,,,,,,,,,,
,,,,,,,,ROUTE :    ,,,,405,
,,,,,,,,,,,,,LAST 4 of oLPN
,,,,,,WRIN,TRAILER ,,DISPATCH,,,,
,STOP,CASES,,DESCRIPTION,,,,,,,STORE,,
20,,26,,,REG BUN ,1570,18L,,10/26/2016 0:52,,11582,,667
20,,11,,,BIG MAC ,3423,18L,,10/26/2016 0:52,,11582,,667
20,,3,,,ENGLISH MUFFIN,14201,18L,,10/26/2016 0:52,,11582,,
10,,2,,,QTR PNDER BN ,2558,18L,,10/26/2016 0:52,,5316,,
,,42,,,,,,,,,,,
CART ,,,,,,,,,,,,,
Page 26 of,,,90,,,,,,,Last printed:,,10/26/2016 14:38,
,,,,,,,,Checked by: ________________,,,,,
CART MANIFEST,,,,,,,,,,,,,
,,,,,,,,ROUTE :    ,,,,405,
,,,,,,,,,,,,,LAST 4 of oLPN
,,,,,,WRIN,TRAILER ,,DISPATCH,,,,
,STOP,CASES,,DESCRIPTION,,,,,,,STORE,,
10,,26,,,REG BUN ,1570,18R,,10/26/2016 0:52,,5316,,353
10,,8,,,BIG MAC ,3423,18R,,10/26/2016 0:52,,5316,,353
10,,6,,,ENGLISH MUFFIN,14201,18R,,10/26/2016 0:52,,5316,,353
10,,2,,,QTR PNDER BN ,2558,18R,,10/26/2016 0:52,,5316,,
,,42,,,,,,,,,,,
CART ,,,,,,,,,,,,,
Page 27 of,,,90,,,,,,,Last printed:,,10/26/2016 14:38,
,,,,,,,,Checked by: ________________,,,,,
CART MANIFEST,,,,,,,,,,,,,
,,,,,,,,ROUTE :    ,,,,406,
,,,,,,,,,,,,,LAST 4 of oLPN
,,,,,,WRIN,TRAILER ,,DISPATCH,,,,
,STOP,CASES,,DESCRIPTION,,,,,,,STORE,,
10,,25,,,REG BUN ,1570,06R,,10/26/2016 0:59,,3776,,780
10,,2,,,BIG MAC ,3423,06R,,10/26/2016 0:59,,3776,,780
10,,2,,,QTR PNDER BN ,2558,06R,,10/26/2016 0:59,,3776,,780
10,,5,,,ENGLISH MUFFIN,14201,06R,,10/26/2016 0:59,,3776,,780
,,34,,,,,,,,,,,
CART ,,,,,,,,,,,,,
Page 28 of,,,90,,,,,,,Last printed:,,10/26/2016 14:38,
,,,,,,,,Checked by: ________________,,,,,
CART MANIFEST,,,,,,,,,,,,,
,,,,,,,,ROUTE :    ,,,,406,
,,,,,,,,,,,,,LAST 4 of oLPN
,,,,,,WRIN,TRAILER ,,DISPATCH,,,,
,STOP,CASES,,DESCRIPTION,,,,,,,STORE,,
20,,18,,,REG BUN ,1570,11R,,10/26/2016 0:59,,12153,,742
20,,7,,,BIG MAC ,3423,11R,,10/26/2016 0:59,,12153,,742
20,,4,,,QTR PNDER BN ,2558,11R,,10/26/2016 0:59,,12153,,742
20,,6,,,ENGLISH MUFFIN,14201,11R,,10/26/2016 0:59,,12153,,742
,,35,,,,,,,,,,,
CART ,,,,,,,,,,,,,
Page 29 of,,,90,,,,,,,Last printed:,,10/26/2016 14:38,
,,,,,,,,Checked by: ________________,,,,,
CART MANIFEST,,,,,,,,,,,,,
,,,,,,,,ROUTE :    ,,,,406,
,,,,,,,,,,,,,LAST 4 of oLPN
,,,,,,WRIN,TRAILER ,,DISPATCH,,,,
,STOP,CASES,,DESCRIPTION,,,,,,,STORE,,
50,,10,,,REG BUN ,1570,16L,,10/26/2016 0:59,,30656,,933
50,,5,,,BIG MAC ,3423,16L,,10/26/2016 0:59,,30656,,933
50,,1,,,QTR PNDER BN ,2558,16L,,10/26/2016 0:59,,30656,,933
50,,3,,,ENGLISH MUFFIN,14201,16L,,10/26/2016 0:59,,30656,,933
,,19,,,,,,,,,,,
CART ,,,,,,,,,,,,,
Page 30 of,,,90,,,,,,,Last printed:,,10/26/2016 14:38,
,,,,,,,,Checked by: ________________,,,,,
CART MANIFEST,,,,,,,,,,,,,
,,,,,,,,ROUTE :    ,,,,406,
,,,,,,,,,,,,,LAST 4 of oLPN
,,,,,,WRIN,TRAILER ,,DISPATCH,,,,
,STOP,CASES,,DESCRIPTION,,,,,,,STORE,,
40,,29,,,REG BUN ,1570,17L,,10/26/2016 0:59,,6752,,
,,29,,,,,,,,,,,
CART ,,,,,,,,,,,,,
Page 31 of,,,90,,,,,,,Last printed:,,10/26/2016 14:38,
,,,,,,,,Checked by: ________________,,,,,
CART MANIFEST,,,,,,,,,,,,,
,,,,,,,,ROUTE :    ,,,,406,
,,,,,,,,,,,,,LAST 4 of oLPN
,,,,,,WRIN,TRAILER ,,DISPATCH,,,,
,STOP,CASES,,DESCRIPTION,,,,,,,STORE,,
40,,9,,,BIG MAC ,3423,17R,,10/26/2016 0:59,,6752,,872
40,,8,,,QTR PNDER BN ,2558,17R,,10/26/2016 0:59,,6752,,872
40,,8,,,ENGLISH MUFFIN,14201,17R,,10/26/2016 0:59,,6752,,872
40,,6,,,REG BUN ,1570,17R,,10/26/2016 0:59,,6752,,
,,31,,,,,,,,,,,
CART ,,,,,,,,,,,,,
Page 32 of,,,90,,,,,,,Last printed:,,10/26/2016 14:38,
,,,,,,,,Checked by: ________________,,,,,
CART MANIFEST,,,,,,,,,,,,,
,,,,,,,,ROUTE :    ,,,,406,
,,,,,,,,,,,,,LAST 4 of oLPN
,,,,,,WRIN,TRAILER ,,DISPATCH,,,,
,STOP,CASES,,DESCRIPTION,,,,,,,STORE,,
30,,16,,,REG BUN ,1570,18R,,10/26/2016 0:59,,15299,,995
30,,5,,,BIG MAC ,3423,18R,,10/26/2016 0:59,,15299,,995
30,,4,,,QTR PNDER BN ,2558,18R,,10/26/2016 0:59,,15299,,995
30,,3,,,ENGLISH MUFFIN,14201,18R,,10/26/2016 0:59,,15299,,995
,,28,,,,,,,,,,,
CART ,,,,,,,,,,,,,
Page 33 of,,,90,,,,,,,Last printed:,,10/26/2016 14:38,
,,,,,,,,Checked by: ________________,,,,,
CART MANIFEST,,,,,,,,,,,,,
,,,,,,,,ROUTE :    ,,,,407,
,,,,,,,,,,,,,LAST 4 of oLPN
,,,,,,WRIN,TRAILER ,,DISPATCH,,,,
,STOP,CASES,,DESCRIPTION,,,,,,,STORE,,
10,,22,,,REG BUN ,1570,07L,,10/25/2016 23:00,,27056,,9425
10,,7,,,BIG MAC ,3423,07L,,10/25/2016 23:00,,27056,,9425
10,,5,,,QTR PNDER BN ,2558,07L,,10/25/2016 23:00,,27056,,9425
10,,6,,,ENGLISH MUFFIN,14201,07L,,10/25/2016 23:00,,27056,,9425
,,40,,,,,,,,,,,
CART ,,,,,,,,,,,,,
Page 34 of,,,90,,,,,,,Last printed:,,10/26/2016 14:38,
,,,,,,,,Checked by: ________________,,,,,
CART MANIFEST,,,,,,,,,,,,,
,,,,,,,,ROUTE :    ,,,,407,
,,,,,,,,,,,,,LAST 4 of oLPN
,,,,,,WRIN,TRAILER ,,DISPATCH,,,,
,STOP,CASES,,DESCRIPTION,,,,,,,STORE,,
20,,10,,,REG BUN ,1570,07R,,10/25/2016 23:00,,12062,,9463
20,,6,,,BIG MAC ,3423,07R,,10/25/2016 23:00,,12062,,9463
20,,2,,,QTR PNDER BN ,2558,07R,,10/25/2016 23:00,,12062,,9463
20,,5,,,ENGLISH MUFFIN,14201,07R,,10/25/2016 23:00,,12062,,9463
30,,19,,,REG BUN ,1570,07R,,10/25/2016 23:00,,1072,,
,,42,,,,,,,,,,,
CART ,,,,,,,,,,,,,
Page 35 of,,,90,,,,,,,Last printed:,,10/26/2016 14:38,
,,,,,,,,Checked by: ________________,,,,,
CART MANIFEST,,,,,,,,,,,,,
,,,,,,,,ROUTE :    ,,,,407,
,,,,,,,,,,,,,LAST 4 of oLPN
,,,,,,WRIN,TRAILER ,,DISPATCH,,,,
,STOP,CASES,,DESCRIPTION,,,,,,,STORE,,
40,,30,,,REG BUN ,1570,15L,,10/25/2016 23:00,,921,,9586
40,,12,,,BIG MAC ,3423,15L,,10/25/2016 23:00,,921,,9586
,,42,,,,,,,,,,,
CART ,,,,,,,,,,,,,
Page 36 of,,,90,,,,,,,Last printed:,,10/26/2016 14:38,
,,,,,,,,Checked by: ________________,,,,,
CART MANIFEST,,,,,,,,,,,,,
,,,,,,,,ROUTE :    ,,,,407,
,,,,,,,,,,,,,LAST 4 of oLPN
,,,,,,WRIN,TRAILER ,,DISPATCH,,,,
,STOP,CASES,,DESCRIPTION,,,,,,,STORE,,
50,,12,,,REG BUN ,1570,15R,,10/25/2016 23:00,,5155,,9524
50,,7,,,BIG MAC ,3423,15R,,10/25/2016 23:00,,5155,,9524
50,,5,,,QTR PNDER BN ,2558,15R,,10/25/2016 23:00,,5155,,9524
40,,6,,,QTR PNDER BN ,2558,15R,,10/25/2016 23:00,,921,,9586
50,,6,,,ENGLISH MUFFIN,14201,15R,,10/25/2016 23:00,,5155,,9524
40,,6,,,ENGLISH MUFFIN,14201,15R,,10/25/2016 23:00,,921,,9586
,,42,,,,,,,,,,,
CART ,,,,,,,,,,,,,
Page 37 of,,,90,,,,,,,Last printed:,,10/26/2016 14:38,
,,,,,,,,Checked by: ________________,,,,,
CART MANIFEST,,,,,,,,,,,,,
,,,,,,,,ROUTE :    ,,,,407,
,,,,,,,,,,,,,LAST 4 of oLPN
,,,,,,WRIN,TRAILER ,,DISPATCH,,,,
,STOP,CASES,,DESCRIPTION,,,,,,,STORE,,
30,,9,,,BIG MAC ,3423,16R,,10/25/2016 23:00,,1072,,9661
30,,4,,,QTR PNDER BN ,2558,16R,,10/25/2016 23:00,,1072,,9661
30,,7,,,ENGLISH MUFFIN,14201,16R,,10/25/2016 23:00,,1072,,9661
30,,23,,,REG BUN ,1570,16R,,10/25/2016 23:00,,1072,,
,,43,,,,,,,,,,,
CART ,,,,,,,,,,,,,
Page 38 of,,,90,,,,,,,Last printed:,,10/26/2016 14:38,
,,,,,,,,Checked by: ________________,,,,,
CART MANIFEST,,,,,,,,,,,,,
,,,,,,,,ROUTE :    ,,,,408,
,,,,,,,,,,,,,LAST 4 of oLPN
,,,,,,WRIN,TRAILER ,,DISPATCH,,,,
,STOP,CASES,,DESCRIPTION,,,,,,,STORE,,
10,,37,,,REG BUN ,1570,08L,,10/26/2016 1:34,,4937,,2258
10,,5,,,BIG MAC ,3423,08L,,10/26/2016 1:34,,4937,,
,,42,,,,,,,,,,,
CART ,,,,,,,,,,,,,
Page 39 of,,,90,,,,,,,Last printed:,,10/26/2016 14:38,
,,,,,,,,Checked by: ________________,,,,,
CART MANIFEST,,,,,,,,,,,,,
,,,,,,,,ROUTE :    ,,,,408,
,,,,,,,,,,,,,LAST 4 of oLPN
,,,,,,WRIN,TRAILER ,,DISPATCH,,,,
,STOP,CASES,,DESCRIPTION,,,,,,,STORE,,
50,,20,,,REG BUN ,1570,08R,,10/26/2016 1:34,,4297,,2135
50,,5,,,QTR PNDER BN ,2558,08R,,10/26/2016 1:34,,4297,,2135
10,,4,,,QTR PNDER BN ,2558,08R,,10/26/2016 1:34,,4937,,2258
10,,4,,,ENGLISH MUFFIN,14201,08R,,10/26/2016 1:34,,4937,,2258
50,,4,,,ENGLISH MUFFIN,14201,08R,,10/26/2016 1:34,,4297,,
10,,5,,,BIG MAC ,3423,08R,,10/26/2016 1:34,,4937,,
,,42,,,,,,,,,,,
CART ,,,,,,,,,,,,,
Page 40 of,,,90,,,,,,,Last printed:,,10/26/2016 14:38,
,,,,,,,,Checked by: ________________,,,,,
CART MANIFEST,,,,,,,,,,,,,
,,,,,,,,ROUTE :    ,,,,408,
,,,,,,,,,,,,,LAST 4 of oLPN
,,,,,,WRIN,TRAILER ,,DISPATCH,,,,
,STOP,CASES,,DESCRIPTION,,,,,,,STORE,,
60,,20,,,REG BUN ,1570,17L,,10/26/2016 1:34,,10766,,2371
50,,5,,,BIG MAC ,3423,17L,,10/26/2016 1:34,,4297,,2135
60,,10,,,BIG MAC ,3423,17L,,10/26/2016 1:34,,10766,,2371
60,,3,,,QTR PNDER BN ,2558,17L,,10/26/2016 1:34,,10766,,2371
60,,3,,,ENGLISH MUFFIN,14201,17L,,10/26/2016 1:34,,10766,,2371
50,,1,,,ENGLISH MUFFIN,14201,17L,,10/26/2016 1:34,,4297,,
,,42,,,,,,,,,,,
CART ,,,,,,,,,,,,,
Page 41 of,,,90,,,,,,,Last printed:,,10/26/2016 14:38,
,,,,,,,,Checked by: ________________,,,,,
CART MANIFEST,,,,,,,,,,,,,
,,,,,,,,ROUTE :    ,,,,409,
,,,,,,,,,,,,,LAST 4 of oLPN
,,,,,,WRIN,TRAILER ,,DISPATCH,,,,
,STOP,CASES,,DESCRIPTION,,,,,,,STORE,,
20,,7,,,BIG MAC ,3423,07L,,10/26/2016 1:31,,17782,,1657
20,,3,,,QTR PNDER BN ,2558,07L,,10/26/2016 1:31,,17782,,1657
20,,6,,,ENGLISH MUFFIN,14201,07L,,10/26/2016 1:31,,17782,,1657
30,,23,,,REG BUN ,1570,07L,,10/26/2016 1:31,,1095,,
20,,3,,,REG BUN ,1570,07L,,10/26/2016 1:31,,17782,,
,,42,,,,,,,,,,,
CART ,,,,,,,,,,,,,
Page 42 of,,,90,,,,,,,Last printed:,,10/26/2016 14:38,
,,,,,,,,Checked by: ________________,,,,,
CART MANIFEST,,,,,,,,,,,,,
,,,,,,,,ROUTE :    ,,,,409,
,,,,,,,,,,,,,LAST 4 of oLPN
,,,,,,WRIN,TRAILER ,,DISPATCH,,,,
,STOP,CASES,,DESCRIPTION,,,,,,,STORE,,
10,,13,,,REG BUN ,1570,08L,,10/26/2016 1:31,,4592,,1336
10,,2,,,BIG MAC ,3423,08L,,10/26/2016 1:31,,4592,,1336
10,,2,,,QTR PNDER BN ,2558,08L,,10/26/2016 1:31,,4592,,1336
10,,3,,,ENGLISH MUFFIN,14201,08L,,10/26/2016 1:31,,4592,,1336
20,,22,,,REG BUN ,1570,08L,,10/26/2016 1:31,,17782,,
,,42,,,,,,,,,,,
CART ,,,,,,,,,,,,,
Page 43 of,,,90,,,,,,,Last printed:,,10/26/2016 14:38,
,,,,,,,,Checked by: ________________,,,,,
CART MANIFEST,,,,,,,,,,,,,
,,,,,,,,ROUTE :    ,,,,409,
,,,,,,,,,,,,,LAST 4 of oLPN
,,,,,,WRIN,TRAILER ,,DISPATCH,,,,
,STOP,CASES,,DESCRIPTION,,,,,,,STORE,,
60,,15,,,REG BUN ,1570,17L,,10/26/2016 1:31,,37519,,1558
60,,4,,,BIG MAC ,3423,17L,,10/26/2016 1:31,,37519,,1558
60,,1,,,QTR PNDER BN ,2558,17L,,10/26/2016 1:31,,37519,,1558
60,,4,,,ENGLISH MUFFIN,14201,17L,,10/26/2016 1:31,,37519,,1558
,,24,,,,,,,,,,,
CART ,,,,,,,,,,,,,
Page 44 of,,,90,,,,,,,Last printed:,,10/26/2016 14:38,
,,,,,,,,Checked by: ________________,,,,,
CART MANIFEST,,,,,,,,,,,,,
,,,,,,,,ROUTE :    ,,,,409,
,,,,,,,,,,,,,LAST 4 of oLPN
,,,,,,WRIN,TRAILER ,,DISPATCH,,,,
,STOP,CASES,,DESCRIPTION,,,,,,,STORE,,
50,,7,,,BIG MAC ,3423,17R,,10/26/2016 1:31,,5825,,1497
50,,3,,,QTR PNDER BN ,2558,17R,,10/26/2016 1:31,,5825,,1497
50,,7,,,ENGLISH MUFFIN,14201,17R,,10/26/2016 1:31,,5825,,1497
50,,23,,,REG BUN ,1570,17R,,10/26/2016 1:31,,5825,,
,,40,,,,,,,,,,,
CART ,,,,,,,,,,,,,
Page 45 of,,,90,,,,,,,Last printed:,,10/26/2016 14:38,
,,,,,,,,Checked by: ________________,,,,,
CART MANIFEST,,,,,,,,,,,,,
,,,,,,,,ROUTE :    ,,,,409,
,,,,,,,,,,,,,LAST 4 of oLPN
,,,,,,WRIN,TRAILER ,,DISPATCH,,,,
,STOP,CASES,,DESCRIPTION,,,,,,,STORE,,
40,,10,,,BIG MAC ,3423,18L,,10/26/2016 1:31,,13089,,1381
40,,5,,,QTR PNDER BN ,2558,18L,,10/26/2016 1:31,,13089,,1381
40,,6,,,ENGLISH MUFFIN,14201,18L,,10/26/2016 1:31,,13089,,1381
40,,16,,,REG BUN ,1570,18L,,10/26/2016 1:31,,13089,,
50,,5,,,REG BUN ,1570,18L,,10/26/2016 1:31,,5825,,
,,42,,,,,,,,,,,
CART ,,,,,,,,,,,,,
Page 46 of,,,90,,,,,,,Last printed:,,10/26/2016 14:38,
,,,,,,,,Checked by: ________________,,,,,
CART MANIFEST,,,,,,,,,,,,,
,,,,,,,,ROUTE :    ,,,,409,
,,,,,,,,,,,,,LAST 4 of oLPN
,,,,,,WRIN,TRAILER ,,DISPATCH,,,,
,STOP,CASES,,DESCRIPTION,,,,,,,STORE,,
30,,6,,,BIG MAC ,3423,18R,,10/26/2016 1:31,,1095,,1466
30,,3,,,QTR PNDER BN ,2558,18R,,10/26/2016 1:31,,1095,,1466
30,,6,,,ENGLISH MUFFIN,14201,18R,,10/26/2016 1:31,,1095,,1466
30,,3,,,REG BUN ,1570,18R,,10/26/2016 1:31,,1095,,
40,,24,,,REG BUN ,1570,18R,,10/26/2016 1:31,,13089,,
,,42,,,,,,,,,,,
CART ,,,,,,,,,,,,,
Page 47 of,,,90,,,,,,,Last printed:,,10/26/2016 14:38,
,,,,,,,,Checked by: ________________,,,,,
CART MANIFEST,,,,,,,,,,,,,
,,,,,,,,ROUTE :    ,,,,410,
,,,,,,,,,,,,,LAST 4 of oLPN
,,,,,,WRIN,TRAILER ,,DISPATCH,,,,
,STOP,CASES,,DESCRIPTION,,,,,,,STORE,,
10,,42,,,REG BUN ,1570,09L,,10/26/2016 1:56,,8035,,
,,42,,,,,,,,,,,
CART ,,,,,,,,,,,,,
Page 48 of,,,90,,,,,,,Last printed:,,10/26/2016 14:38,
,,,,,,,,Checked by: ________________,,,,,
CART MANIFEST,,,,,,,,,,,,,
,,,,,,,,ROUTE :    ,,,,410,
,,,,,,,,,,,,,LAST 4 of oLPN
,,,,,,WRIN,TRAILER ,,DISPATCH,,,,
,STOP,CASES,,DESCRIPTION,,,,,,,STORE,,
20,,35,,,REG BUN ,1570,09R,,10/26/2016 1:56,,7706,,2623
20,,5,,,ENGLISH MUFFIN,14201,09R,,10/26/2016 1:56,,7706,,
10,,2,,,QTR PNDER BN ,2558,09R,,10/26/2016 1:56,,8035,,
,,42,,,,,,,,,,,
CART ,,,,,,,,,,,,,
Page 49 of,,,90,,,,,,,Last printed:,,10/26/2016 14:38,
,,,,,,,,Checked by: ________________,,,,,
CART MANIFEST,,,,,,,,,,,,,
,,,,,,,,ROUTE :    ,,,,410,
,,,,,,,,,,,,,LAST 4 of oLPN
,,,,,,WRIN,TRAILER ,,DISPATCH,,,,
,STOP,CASES,,DESCRIPTION,,,,,,,STORE,,
10,,9,,,BIG MAC ,3423,10R,,10/26/2016 1:56,,8035,,2692
10,,7,,,ENGLISH MUFFIN,14201,10R,,10/26/2016 1:56,,8035,,2692
10,,22,,,REG BUN ,1570,10R,,10/26/2016 1:56,,8035,,
10,,4,,,QTR PNDER BN ,2558,10R,,10/26/2016 1:56,,8035,,
,,42,,,,,,,,,,,
CART ,,,,,,,,,,,,,
Page 50 of,,,90,,,,,,,Last printed:,,10/26/2016 14:38,
,,,,,,,,Checked by: ________________,,,,,
CART MANIFEST,,,,,,,,,,,,,
,,,,,,,,ROUTE :    ,,,,410,
,,,,,,,,,,,,,LAST 4 of oLPN
,,,,,,WRIN,TRAILER ,,DISPATCH,,,,
,STOP,CASES,,DESCRIPTION,,,,,,,STORE,,
50,,10,,,BIG MAC ,3423,17R,,10/26/2016 1:56,,1447,,2791
50,,5,,,QTR PNDER BN ,2558,17R,,10/26/2016 1:56,,1447,,2791
50,,8,,,ENGLISH MUFFIN,14201,17R,,10/26/2016 1:56,,1447,,2791
50,,15,,,REG BUN ,1570,17R,,10/26/2016 1:56,,1447,,
,,38,,,,,,,,,,,
CART ,,,,,,,,,,,,,
Page 51 of,,,90,,,,,,,Last printed:,,10/26/2016 14:38,
,,,,,,,,Checked by: ________________,,,,,
CART MANIFEST,,,,,,,,,,,,,
,,,,,,,,ROUTE :    ,,,,410,
,,,,,,,,,,,,,LAST 4 of oLPN
,,,,,,WRIN,TRAILER ,,DISPATCH,,,,
,STOP,CASES,,DESCRIPTION,,,,,,,STORE,,
30,,2,,,QTR PNDER BN ,2558,18L,,10/26/2016 1:56,,2824,,2500
30,,5,,,ENGLISH MUFFIN,14201,18L,,10/26/2016 1:56,,2824,,2500
50,,27,,,REG BUN ,1570,18L,,10/26/2016 1:56,,1447,,
30,,8,,,BIG MAC ,3423,18L,,10/26/2016 1:56,,2824,,
,,42,,,,,,,,,,,
CART ,,,,,,,,,,,,,
Page 52 of,,,90,,,,,,,Last printed:,,10/26/2016 14:38,
,,,,,,,,Checked by: ________________,,,,,
CART MANIFEST,,,,,,,,,,,,,
,,,,,,,,ROUTE :    ,,,,410,
,,,,,,,,,,,,,LAST 4 of oLPN
,,,,,,WRIN,TRAILER ,,DISPATCH,,,,
,STOP,CASES,,DESCRIPTION,,,,,,,STORE,,
30,,22,,,REG BUN ,1570,18R,,10/26/2016 1:56,,2824,,2500
20,,8,,,BIG MAC ,3423,18R,,10/26/2016 1:56,,7706,,2623
20,,6,,,QTR PNDER BN ,2558,18R,,10/26/2016 1:56,,7706,,2623
20,,3,,,ENGLISH MUFFIN,14201,18R,,10/26/2016 1:56,,7706,,
30,,3,,,BIG MAC ,3423,18R,,10/26/2016 1:56,,2824,,
,,42,,,,,,,,,,,
CART ,,,,,,,,,,,,,
Page 53 of,,,90,,,,,,,Last printed:,,10/26/2016 14:38,
,,,,,,,,Checked by: ________________,,,,,
CART MANIFEST,,,,,,,,,,,,,
,,,,,,,,ROUTE :    ,,,,411,
,,,,,,,,,,,,,LAST 4 of oLPN
,,,,,,WRIN,TRAILER ,,DISPATCH,,,,
,STOP,CASES,,DESCRIPTION,,,,,,,STORE,,
10,,34,,,REG BUN ,1570,05L,,10/26/2016 2:02,,5723,,
,,34,,,,,,,,,,,
CART ,,,,,,,,,,,,,
Page 54 of,,,90,,,,,,,Last printed:,,10/26/2016 14:38,
,,,,,,,,Checked by: ________________,,,,,
CART MANIFEST,,,,,,,,,,,,,
,,,,,,,,ROUTE :    ,,,,411,
,,,,,,,,,,,,,LAST 4 of oLPN
,,,,,,WRIN,TRAILER ,,DISPATCH,,,,
,STOP,CASES,,DESCRIPTION,,,,,,,STORE,,
10,,7,,,QTR PNDER BN ,2558,05R,,10/26/2016 2:02,,5723,,2944
10,,2,,,ENGLISH MUFFIN,14201,05R,,10/26/2016 2:02,,5723,,
20,,15,,,REG BUN ,1570,05R,,10/26/2016 2:02,,17688,,
,,24,,,,,,,,,,,
CART ,,,,,,,,,,,,,
Page 55 of,,,90,,,,,,,Last printed:,,10/26/2016 14:38,
,,,,,,,,Checked by: ________________,,,,,
CART MANIFEST,,,,,,,,,,,,,
,,,,,,,,ROUTE :    ,,,,411,
,,,,,,,,,,,,,LAST 4 of oLPN
,,,,,,WRIN,TRAILER ,,DISPATCH,,,,
,STOP,CASES,,DESCRIPTION,,,,,,,STORE,,
10,,13,,,BIG MAC ,3423,06R,,10/26/2016 2:02,,5723,,2944
10,,6,,,ENGLISH MUFFIN,14201,06R,,10/26/2016 2:02,,5723,,
10,,15,,,REG BUN ,1570,06R,,10/26/2016 2:02,,5723,,
,,34,,,,,,,,,,,
CART ,,,,,,,,,,,,,
Page 56 of,,,90,,,,,,,Last printed:,,10/26/2016 14:38,
,,,,,,,,Checked by: ________________,,,,,
CART MANIFEST,,,,,,,,,,,,,
,,,,,,,,ROUTE :    ,,,,411,
,,,,,,,,,,,,,LAST 4 of oLPN
,,,,,,WRIN,TRAILER ,,DISPATCH,,,,
,STOP,CASES,,DESCRIPTION,,,,,,,STORE,,
20,,9,,,BIG MAC ,3423,12L,,10/26/2016 2:02,,17688,,2869
20,,4,,,ENGLISH MUFFIN,14201,12L,,10/26/2016 2:02,,17688,,
20,,13,,,REG BUN ,1570,12L,,10/26/2016 2:02,,17688,,
,,26,,,,,,,,,,,
CART ,,,,,,,,,,,,,
Page 57 of,,,90,,,,,,,Last printed:,,10/26/2016 14:38,
,,,,,,,,Checked by: ________________,,,,,
CART MANIFEST,,,,,,,,,,,,,
,,,,,,,,ROUTE :    ,,,,411,
,,,,,,,,,,,,,LAST 4 of oLPN
,,,,,,WRIN,TRAILER ,,DISPATCH,,,,
,STOP,CASES,,DESCRIPTION,,,,,,,STORE,,
20,,6,,,QTR PNDER BN ,2558,12R,,10/26/2016 2:02,,17688,,2869
30,,3,,,QTR PNDER BN ,2558,12R,,10/26/2016 2:02,,883,,3040
20,,3,,,ENGLISH MUFFIN,14201,12R,,10/26/2016 2:02,,17688,,
20,,10,,,REG BUN ,1570,12R,,10/26/2016 2:02,,17688,,
,,22,,,,,,,,,,,
CART ,,,,,,,,,,,,,
Page 58 of,,,90,,,,,,,Last printed:,,10/26/2016 14:38,
,,,,,,,,Checked by: ________________,,,,,
CART MANIFEST,,,,,,,,,,,,,
,,,,,,,,ROUTE :    ,,,,412,
,,,,,,,,,,,,,LAST 4 of oLPN
,,,,,,WRIN,TRAILER ,,DISPATCH,,,,
,STOP,CASES,,DESCRIPTION,,,,,,,STORE,,
10,,22,,,REG BUN ,1570,09L,,10/26/2016 2:12,,34095,,3330
10,,2,,,BIG MAC ,3423,09L,,10/26/2016 2:12,,34095,,3330
10,,1,,,QTR PNDER BN ,2558,09L,,10/26/2016 2:12,,34095,,3330
10,,2,,,ENGLISH MUFFIN,14201,09L,,10/26/2016 2:12,,34095,,3330
,,27,,,,,,,,,,,
CART ,,,,,,,,,,,,,
Page 59 of,,,90,,,,,,,Last printed:,,10/26/2016 14:38,
,,,,,,,,Checked by: ________________,,,,,
CART MANIFEST,,,,,,,,,,,,,
,,,,,,,,ROUTE :    ,,,,415,
,,,,,,,,,,,,,LAST 4 of oLPN
,,,,,,WRIN,TRAILER ,,DISPATCH,,,,
,STOP,CASES,,DESCRIPTION,,,,,,,STORE,,
60,,3,,,REG BUN ,1570,16L,,10/26/2016 3:09,,36973,,4511
60,,9,,,BIG MAC ,3423,16L,,10/26/2016 3:09,,36973,,4511
60,,4,,,QTR PNDER BN ,2558,16L,,10/26/2016 3:09,,36973,,4511
60,,7,,,ENGLISH MUFFIN,14201,16L,,10/26/2016 3:09,,36973,,4511
,,23,,,,,,,,,,,
CART ,,,,,,,,,,,,,
Page 60 of,,,90,,,,,,,Last printed:,,10/26/2016 14:38,
,,,,,,,,Checked by: ________________,,,,,
CART MANIFEST,,,,,,,,,,,,,
,,,,,,,,ROUTE :    ,,,,415,
,,,,,,,,,,,,,LAST 4 of oLPN
,,,,,,WRIN,TRAILER ,,DISPATCH,,,,
,STOP,CASES,,DESCRIPTION,,,,,,,STORE,,
30,,18,,,REG BUN ,1570,17L,,10/26/2016 3:09,,3885,,4566
30,,6,,,BIG MAC ,3423,17L,,10/26/2016 3:09,,3885,,4566
30,,5,,,QTR PNDER BN ,2558,17L,,10/26/2016 3:09,,3885,,4566
30,,6,,,ENGLISH MUFFIN,14201,17L,,10/26/2016 3:09,,3885,,4566
,,35,,,,,,,,,,,
CART ,,,,,,,,,,,,,
Page 61 of,,,90,,,,,,,Last printed:,,10/26/2016 14:38,
,,,,,,,,Checked by: ________________,,,,,
CART MANIFEST,,,,,,,,,,,,,
,,,,,,,,ROUTE :    ,,,,415,
,,,,,,,,,,,,,LAST 4 of oLPN
,,,,,,WRIN,TRAILER ,,DISPATCH,,,,
,STOP,CASES,,DESCRIPTION,,,,,,,STORE,,
20,,10,,,REG BUN ,1570,17R,,10/26/2016 3:09,,4225,,4627
20,,6,,,BIG MAC ,3423,17R,,10/26/2016 3:09,,4225,,4627
20,,5,,,QTR PNDER BN ,2558,17R,,10/26/2016 3:09,,4225,,4627
10,,5,,,ENGLISH MUFFIN,14201,17R,,10/26/2016 3:09,,842,,4313
20,,4,,,ENGLISH MUFFIN,14201,17R,,10/26/2016 3:09,,4225,,4627
10,,2,,,QTR PNDER BN ,2558,17R,,10/26/2016 3:09,,842,,
,,32,,,,,,,,,,,
CART ,,,,,,,,,,,,,
Page 62 of,,,90,,,,,,,Last printed:,,10/26/2016 14:38,
,,,,,,,,Checked by: ________________,,,,,
CART MANIFEST,,,,,,,,,,,,,
,,,,,,,,ROUTE :    ,,,,415,
,,,,,,,,,,,,,LAST 4 of oLPN
,,,,,,WRIN,TRAILER ,,DISPATCH,,,,
,STOP,CASES,,DESCRIPTION,,,,,,,STORE,,
10,,25,,,REG BUN ,1570,18R,,10/26/2016 3:09,,842,,4313
10,,12,,,BIG MAC ,3423,18R,,10/26/2016 3:09,,842,,4313
10,,5,,,QTR PNDER BN ,2558,18R,,10/26/2016 3:09,,842,,
,,42,,,,,,,,,,,
CART ,,,,,,,,,,,,,
Page 63 of,,,90,,,,,,,Last printed:,,10/26/2016 14:38,
,,,,,,,,Checked by: ________________,,,,,
CART MANIFEST,,,,,,,,,,,,,
,,,,,,,,ROUTE :    ,,,,418,
,,,,,,,,,,,,,LAST 4 of oLPN
,,,,,,WRIN,TRAILER ,,DISPATCH,,,,
,STOP,CASES,,DESCRIPTION,,,,,,,STORE,,
10,,41,,,REG BUN ,1570,09L,,10/26/2016 3:35,,26833,,5365
10,,1,,,BIG MAC ,3423,09L,,10/26/2016 3:35,,26833,,
,,42,,,,,,,,,,,
CART ,,,,,,,,,,,,,
Page 64 of,,,90,,,,,,,Last printed:,,10/26/2016 14:38,
,,,,,,,,Checked by: ________________,,,,,
CART MANIFEST,,,,,,,,,,,,,
,,,,,,,,ROUTE :    ,,,,418,
,,,,,,,,,,,,,LAST 4 of oLPN
,,,,,,WRIN,TRAILER ,,DISPATCH,,,,
,STOP,CASES,,DESCRIPTION,,,,,,,STORE,,
10,,7,,,QTR PNDER BN ,2558,09R,,10/26/2016 3:35,,26833,,5365
10,,6,,,ENGLISH MUFFIN,14201,09R,,10/26/2016 3:35,,26833,,5365
50,,18,,,REG BUN ,1570,09R,,10/26/2016 3:35,,1643,,
10,,11,,,BIG MAC ,3423,09R,,10/26/2016 3:35,,26833,,
,,42,,,,,,,,,,,
CART ,,,,,,,,,,,,,
Page 65 of,,,90,,,,,,,Last printed:,,10/26/2016 14:38,
,,,,,,,,Checked by: ________________,,,,,
CART MANIFEST,,,,,,,,,,,,,
,,,,,,,,ROUTE :    ,,,,418,
,,,,,,,,,,,,,LAST 4 of oLPN
,,,,,,WRIN,TRAILER ,,DISPATCH,,,,
,STOP,CASES,,DESCRIPTION,,,,,,,STORE,,
50,,10,,,BIG MAC ,3423,17R,,10/26/2016 3:35,,1643,,5280
50,,4,,,QTR PNDER BN ,2558,17R,,10/26/2016 3:35,,1643,,5280
50,,10,,,ENGLISH MUFFIN,14201,17R,,10/26/2016 3:35,,1643,,5280
50,,17,,,REG BUN ,1570,17R,,10/26/2016 3:35,,1643,,
,,41,,,,,,,,,,,
CART ,,,,,,,,,,,,,
Page 66 of,,,90,,,,,,,Last printed:,,10/26/2016 14:38,
,,,,,,,,Checked by: ________________,,,,,
CART MANIFEST,,,,,,,,,,,,,
,,,,,,,,ROUTE :    ,,,,420,
,,,,,,,,,,,,,LAST 4 of oLPN
,,,,,,WRIN,TRAILER ,,DISPATCH,,,,
,STOP,CASES,,DESCRIPTION,,,,,,,STORE,,
10,,28,,,REG BUN ,1570,04B,,10/26/2016 5:15,,34724,,6065
,,28,,,,,,,,,,,
CART ,,,,,,,,,,,,,
Page 67 of,,,90,,,,,,,Last printed:,,10/26/2016 14:38,
,,,,,,,,Checked by: ________________,,,,,
CART MANIFEST,,,,,,,,,,,,,
,,,,,,,,ROUTE :    ,,,,420,
,,,,,,,,,,,,,LAST 4 of oLPN
,,,,,,WRIN,TRAILER ,,DISPATCH,,,,
,STOP,CASES,,DESCRIPTION,,,,,,,STORE,,
20,,5,,,REG BUN ,1570,04C,,10/26/2016 5:15,,34236,,6010
20,,3,,,BIG MAC ,3423,04C,,10/26/2016 5:15,,34236,,6010
10,,10,,,BIG MAC ,3423,04C,,10/26/2016 5:15,,34724,,6065
20,,1,,,QTR PNDER BN ,2558,04C,,10/26/2016 5:15,,34236,,6010
10,,1,,,QTR PNDER BN ,2558,04C,,10/26/2016 5:15,,34724,,6065
20,,5,,,ENGLISH MUFFIN,14201,04C,,10/26/2016 5:15,,34236,,6010
10,,1,,,ENGLISH MUFFIN,14201,04C,,10/26/2016 5:15,,34724,,6065
,,26,,,,,,,,,,,
CART ,,,,,,,,,,,,,
Page 68 of,,,90,,,,,,,Last printed:,,10/26/2016 14:38,
,,,,,,,,Checked by: ________________,,,,,
CART MANIFEST,,,,,,,,,,,,,
,,,,,,,,ROUTE :    ,,,,421,
,,,,,,,,,,,,,LAST 4 of oLPN
,,,,,,WRIN,TRAILER ,,DISPATCH,,,,
,STOP,CASES,,DESCRIPTION,,,,,,,STORE,,
10,,42,,,REG BUN ,1570,06L,,10/26/2016 10:14,,255,,
,,42,,,,,,,,,,,
CART ,,,,,,,,,,,,,
Page 69 of,,,90,,,,,,,Last printed:,,10/26/2016 14:38,
,,,,,,,,Checked by: ________________,,,,,
CART MANIFEST,,,,,,,,,,,,,
,,,,,,,,ROUTE :    ,,,,421,
,,,,,,,,,,,,,LAST 4 of oLPN
,,,,,,WRIN,TRAILER ,,DISPATCH,,,,
,STOP,CASES,,DESCRIPTION,,,,,,,STORE,,
30,,21,,,REG BUN ,1570,06R,,10/26/2016 10:14,,3016,,6317
30,,6,,,BIG MAC ,3423,06R,,10/26/2016 10:14,,3016,,6317
30,,3,,,QTR PNDER BN ,2558,06R,,10/26/2016 10:14,,3016,,6317
20,,8,,,ENGLISH MUFFIN,14201,06R,,10/26/2016 10:14,,27664,,6256
30,,5,,,ENGLISH MUFFIN,14201,06R,,10/26/2016 10:14,,3016,,6317
20,,1,,,REG BUN ,1570,06R,,10/26/2016 10:14,,27664,,
,,44,,,,,,,,,,,
CART ,,,,,,,,,,,,,
Page 70 of,,,90,,,,,,,Last printed:,,10/26/2016 14:38,
,,,,,,,,Checked by: ________________,,,,,
CART MANIFEST,,,,,,,,,,,,,
,,,,,,,,ROUTE :    ,,,,421,
,,,,,,,,,,,,,LAST 4 of oLPN
,,,,,,WRIN,TRAILER ,,DISPATCH,,,,
,STOP,CASES,,DESCRIPTION,,,,,,,STORE,,
10,,6,,,BIG MAC ,3423,07R,,10/26/2016 10:14,,255,,6171
10,,7,,,ENGLISH MUFFIN,14201,07R,,10/26/2016 10:14,,255,,6171
10,,1,,,REG BUN ,1570,07R,,10/26/2016 10:14,,255,,
20,,29,,,REG BUN ,1570,07R,,10/26/2016 10:14,,27664,,
,,43,,,,,,,,,,,
CART ,,,,,,,,,,,,,
Page 71 of,,,90,,,,,,,Last printed:,,10/26/2016 14:38,
,,,,,,,,Checked by: ________________,,,,,
CART MANIFEST,,,,,,,,,,,,,
,,,,,,,,ROUTE :    ,,,,421,
,,,,,,,,,,,,,LAST 4 of oLPN
,,,,,,WRIN,TRAILER ,,DISPATCH,,,,
,STOP,CASES,,DESCRIPTION,,,,,,,STORE,,
40,,15,,,REG BUN ,1570,15L,,10/26/2016 10:14,,1442,,6140
40,,5,,,BIG MAC ,3423,15L,,10/26/2016 10:14,,1442,,6140
40,,3,,,QTR PNDER BN ,2558,15L,,10/26/2016 10:14,,1442,,6140
40,,5,,,ENGLISH MUFFIN,14201,15L,,10/26/2016 10:14,,1442,,6140
50,,5,,,REG BUN ,1570,15L,,10/26/2016 10:14,,3751,,
,,33,,,,,,,,,,,
CART ,,,,,,,,,,,,,
Page 72 of,,,90,,,,,,,Last printed:,,10/26/2016 14:38,
,,,,,,,,Checked by: ________________,,,,,
CART MANIFEST,,,,,,,,,,,,,
,,,,,,,,ROUTE :    ,,,,421,
,,,,,,,,,,,,,LAST 4 of oLPN
,,,,,,WRIN,TRAILER ,,DISPATCH,,,,
,STOP,CASES,,DESCRIPTION,,,,,,,STORE,,
50,,10,,,BIG MAC ,3423,15R,,10/26/2016 10:14,,3751,,6362
50,,3,,,QTR PNDER BN ,2558,15R,,10/26/2016 10:14,,3751,,6362
50,,4,,,ENGLISH MUFFIN,14201,15R,,10/26/2016 10:14,,3751,,6362
50,,24,,,REG BUN ,1570,15R,,10/26/2016 10:14,,3751,,
,,41,,,,,,,,,,,
CART ,,,,,,,,,,,,,
Page 73 of,,,90,,,,,,,Last printed:,,10/26/2016 14:38,
,,,,,,,,Checked by: ________________,,,,,
CART MANIFEST,,,,,,,,,,,,,
,,,,,,,,ROUTE :    ,,,,423,
,,,,,,,,,,,,,LAST 4 of oLPN
,,,,,,WRIN,TRAILER ,,DISPATCH,,,,
,STOP,CASES,,DESCRIPTION,,,,,,,STORE,,
10,,32,,,REG BUN ,1570,05L,,10/26/2016 10:47,,2073,,
,,32,,,,,,,,,,,
CART ,,,,,,,,,,,,,
Page 74 of,,,90,,,,,,,Last printed:,,10/26/2016 14:38,
,,,,,,,,Checked by: ________________,,,,,
CART MANIFEST,,,,,,,,,,,,,
,,,,,,,,ROUTE :    ,,,,423,
,,,,,,,,,,,,,LAST 4 of oLPN
,,,,,,WRIN,TRAILER ,,DISPATCH,,,,
,STOP,CASES,,DESCRIPTION,,,,,,,STORE,,
10,,11,,,BIG MAC ,3423,05R,,10/26/2016 10:47,,2073,,6485
10,,6,,,QTR PNDER BN ,2558,05R,,10/26/2016 10:47,,2073,,6485
10,,7,,,ENGLISH MUFFIN,14201,05R,,10/26/2016 10:47,,2073,,6485
10,,8,,,REG BUN ,1570,05R,,10/26/2016 10:47,,2073,,
,,32,,,,,,,,,,,
CART ,,,,,,,,,,,,,
Page 75 of,,,90,,,,,,,Last printed:,,10/26/2016 14:38,
,,,,,,,,Checked by: ________________,,,,,
CART MANIFEST,,,,,,,,,,,,,
,,,,,,,,ROUTE :    ,,,,423,
,,,,,,,,,,,,,LAST 4 of oLPN
,,,,,,WRIN,TRAILER ,,DISPATCH,,,,
,STOP,CASES,,DESCRIPTION,,,,,,,STORE,,
20,,22,,,REG BUN ,1570,11L,,10/26/2016 10:47,,25283,,6447
20,,4,,,BIG MAC ,3423,11L,,10/26/2016 10:47,,25283,,6447
20,,3,,,QTR PNDER BN ,2558,11L,,10/26/2016 10:47,,25283,,6447
20,,7,,,ENGLISH MUFFIN,14201,11L,,10/26/2016 10:47,,25283,,6447
,,36,,,,,,,,,,,
CART ,,,,,,,,,,,,,
Page 76 of,,,90,,,,,,,Last printed:,,10/26/2016 14:38,
,,,,,,,,Checked by: ________________,,,,,
CART MANIFEST,,,,,,,,,,,,,
,,,,,,,,ROUTE :    ,,,,423,
,,,,,,,,,,,,,LAST 4 of oLPN
,,,,,,WRIN,TRAILER ,,DISPATCH,,,,
,STOP,CASES,,DESCRIPTION,,,,,,,STORE,,
50,,38,,,REG BUN ,1570,15L,,10/26/2016 10:47,,5657,,6560
50,,3,,,BIG MAC ,3423,15L,,10/26/2016 10:47,,5657,,
,,41,,,,,,,,,,,
CART ,,,,,,,,,,,,,
Page 77 of,,,90,,,,,,,Last printed:,,10/26/2016 14:38,
,,,,,,,,Checked by: ________________,,,,,
CART MANIFEST,,,,,,,,,,,,,
,,,,,,,,ROUTE :    ,,,,423,
,,,,,,,,,,,,,LAST 4 of oLPN
,,,,,,WRIN,TRAILER ,,DISPATCH,,,,
,STOP,CASES,,DESCRIPTION,,,,,,,STORE,,
40,,25,,,REG BUN ,1570,16L,,10/26/2016 10:47,,11881,,6614
40,,5,,,BIG MAC ,3423,16L,,10/26/2016 10:47,,11881,,6614
40,,2,,,QTR PNDER BN ,2558,16L,,10/26/2016 10:47,,11881,,6614
50,,6,,,ENGLISH MUFFIN,14201,16L,,10/26/2016 10:47,,5657,,6560
50,,3,,,BIG MAC ,3423,16L,,10/26/2016 10:47,,5657,,
,,41,,,,,,,,,,,
CART ,,,,,,,,,,,,,
Page 78 of,,,90,,,,,,,Last printed:,,10/26/2016 14:38,
,,,,,,,,Checked by: ________________,,,,,
CART MANIFEST,,,,,,,,,,,,,
,,,,,,,,ROUTE :    ,,,,423,
,,,,,,,,,,,,,LAST 4 of oLPN
,,,,,,WRIN,TRAILER ,,DISPATCH,,,,
,STOP,CASES,,DESCRIPTION,,,,,,,STORE,,
30,,18,,,REG BUN ,1570,16R,,10/26/2016 10:47,,18323,,6652
30,,6,,,BIG MAC ,3423,16R,,10/26/2016 10:47,,18323,,6652
30,,3,,,QTR PNDER BN ,2558,16R,,10/26/2016 10:47,,18323,,6652
40,,4,,,ENGLISH MUFFIN,14201,16R,,10/26/2016 10:47,,11881,,6614
30,,6,,,ENGLISH MUFFIN,14201,16R,,10/26/2016 10:47,,18323,,6652
,,37,,,,,,,,,,,
CART ,,,,,,,,,,,,,
Page 79 of,,,90,,,,,,,Last printed:,,10/26/2016 14:38,
,,,,,,,,Checked by: ________________,,,,,
CART MANIFEST,,,,,,,,,,,,,
,,,,,,,,ROUTE :    ,,,,428,
,,,,,,,,,,,,,LAST 4 of oLPN
,,,,,,WRIN,TRAILER ,,DISPATCH,,,,
,STOP,CASES,,DESCRIPTION,,,,,,,STORE,,
10,,20,,,REG BUN ,1570,07R,,10/26/2016 10:51,,5242,,6713
10,,6,,,BIG MAC ,3423,07R,,10/26/2016 10:51,,5242,,6713
10,,3,,,QTR PNDER BN ,2558,07R,,10/26/2016 10:51,,5242,,6713
10,,5,,,ENGLISH MUFFIN,14201,07R,,10/26/2016 10:51,,5242,,6713
30,,8,,,REG BUN ,1570,07R,,10/26/2016 10:51,,35998,,
,,42,,,,,,,,,,,
CART ,,,,,,,,,,,,,
Page 80 of,,,90,,,,,,,Last printed:,,10/26/2016 14:38,
,,,,,,,,Checked by: ________________,,,,,
CART MANIFEST,,,,,,,,,,,,,
,,,,,,,,ROUTE :    ,,,,428,
,,,,,,,,,,,,,LAST 4 of oLPN
,,,,,,WRIN,TRAILER ,,DISPATCH,,,,
,STOP,CASES,,DESCRIPTION,,,,,,,STORE,,
60,,4,,,BIG MAC ,3423,16L,,10/26/2016 10:51,,2607,,6843
60,,8,,,QTR PNDER BN ,2558,16L,,10/26/2016 10:51,,2607,,6843
60,,7,,,ENGLISH MUFFIN,14201,16L,,10/26/2016 10:51,,2607,,6843
60,,13,,,REG BUN ,1570,16L,,10/26/2016 10:51,,2607,,
,,32,,,,,,,,,,,
CART ,,,,,,,,,,,,,
Page 81 of,,,90,,,,,,,Last printed:,,10/26/2016 14:38,
,,,,,,,,Checked by: ________________,,,,,
CART MANIFEST,,,,,,,,,,,,,
,,,,,,,,ROUTE :    ,,,,428,
,,,,,,,,,,,,,LAST 4 of oLPN
,,,,,,WRIN,TRAILER ,,DISPATCH,,,,
,STOP,CASES,,DESCRIPTION,,,,,,,STORE,,
50,,7,,,BIG MAC ,3423,17L,,10/26/2016 10:51,,24569,,6942
50,,4,,,QTR PNDER BN ,2558,17L,,10/26/2016 10:51,,24569,,6942
50,,1,,,ENGLISH MUFFIN,14201,17L,,10/26/2016 10:51,,24569,,6942
50,,10,,,REG BUN ,1570,17L,,10/26/2016 10:51,,24569,,
60,,12,,,REG BUN ,1570,17L,,10/26/2016 10:51,,2607,,
,,34,,,,,,,,,,,
CART ,,,,,,,,,,,,,
Page 82 of,,,90,,,,,,,Last printed:,,10/26/2016 14:38,
,,,,,,,,Checked by: ________________,,,,,
CART MANIFEST,,,,,,,,,,,,,
,,,,,,,,ROUTE :    ,,,,428,
,,,,,,,,,,,,,LAST 4 of oLPN
,,,,,,WRIN,TRAILER ,,DISPATCH,,,,
,STOP,CASES,,DESCRIPTION,,,,,,,STORE,,
40,,5,,,BIG MAC ,3423,17R,,10/26/2016 10:51,,20035,,6775
40,,2,,,QTR PNDER BN ,2558,17R,,10/26/2016 10:51,,20035,,6775
40,,6,,,ENGLISH MUFFIN,14201,17R,,10/26/2016 10:51,,20035,,6775
40,,14,,,REG BUN ,1570,17R,,10/26/2016 10:51,,20035,,
50,,15,,,REG BUN ,1570,17R,,10/26/2016 10:51,,24569,,
,,42,,,,,,,,,,,
CART ,,,,,,,,,,,,,
Page 83 of,,,90,,,,,,,Last printed:,,10/26/2016 14:38,
,,,,,,,,Checked by: ________________,,,,,
CART MANIFEST,,,,,,,,,,,,,
,,,,,,,,ROUTE :    ,,,,428,
,,,,,,,,,,,,,LAST 4 of oLPN
,,,,,,WRIN,TRAILER ,,DISPATCH,,,,
,STOP,CASES,,DESCRIPTION,,,,,,,STORE,,
30,,5,,,BIG MAC ,3423,18R,,10/26/2016 10:51,,35998,,6898
30,,2,,,QTR PNDER BN ,2558,18R,,10/26/2016 10:51,,35998,,6898
30,,4,,,ENGLISH MUFFIN,14201,18R,,10/26/2016 10:51,,35998,,6898
40,,18,,,REG BUN ,1570,18R,,10/26/2016 10:51,,20035,,
30,,13,,,REG BUN ,1570,18R,,10/26/2016 10:51,,35998,,
,,42,,,,,,,,,,,
CART ,,,,,,,,,,,,,
Page 84 of,,,90,,,,,,,Last printed:,,10/26/2016 14:38,
,,,,,,,,Checked by: ________________,,,,,
CART MANIFEST,,,,,,,,,,,,,
,,,,,,,,ROUTE :    ,,,,434,
,,,,,,,,,,,,,LAST 4 of oLPN
,,,,,,WRIN,TRAILER ,,DISPATCH,,,,
,STOP,CASES,,DESCRIPTION,,,,,,,STORE,,
10,,25,,,REG BUN ,1570,08L,,10/25/2016 21:00,,4295,,9326
10,,15,,,ENGLISH MUFFIN,14201,08L,,10/25/2016 21:00,,4295,,9326
10,,2,,,QTR PNDER BN ,2558,08L,,10/25/2016 21:00,,4295,,
,,42,,,,,,,,,,,
CART ,,,,,,,,,,,,,
Page 85 of,,,90,,,,,,,Last printed:,,10/26/2016 14:38,
,,,,,,,,Checked by: ________________,,,,,
CART MANIFEST,,,,,,,,,,,,,
,,,,,,,,ROUTE :    ,,,,434,
,,,,,,,,,,,,,LAST 4 of oLPN
,,,,,,WRIN,TRAILER ,,DISPATCH,,,,
,STOP,CASES,,DESCRIPTION,,,,,,,STORE,,
20,,10,,,BIG MAC ,3423,08R,,10/25/2016 21:00,,5737,,9104
20,,8,,,QTR PNDER BN ,2558,08R,,10/25/2016 21:00,,5737,,9104
20,,8,,,ENGLISH MUFFIN,14201,08R,,10/25/2016 21:00,,5737,,9104
20,,13,,,REG BUN ,1570,08R,,10/25/2016 21:00,,5737,,
,,39,,,,,,,,,,,
CART ,,,,,,,,,,,,,
Page 86 of,,,90,,,,,,,Last printed:,,10/26/2016 14:38,
,,,,,,,,Checked by: ________________,,,,,
CART MANIFEST,,,,,,,,,,,,,
,,,,,,,,ROUTE :    ,,,,434,
,,,,,,,,,,,,,LAST 4 of oLPN
,,,,,,WRIN,TRAILER ,,DISPATCH,,,,
,STOP,CASES,,DESCRIPTION,,,,,,,STORE,,
10,,5,,,BIG MAC ,3423,09R,,10/25/2016 21:00,,4295,,9326
20,,32,,,REG BUN ,1570,09R,,10/25/2016 21:00,,5737,,
10,,5,,,QTR PNDER BN ,2558,09R,,10/25/2016 21:00,,4295,,
,,42,,,,,,,,,,,
CART ,,,,,,,,,,,,,
Page 87 of,,,90,,,,,,,Last printed:,,10/26/2016 14:38,
,,,,,,,,Checked by: ________________,,,,,
CART MANIFEST,,,,,,,,,,,,,
,,,,,,,,ROUTE :    ,,,,434,
,,,,,,,,,,,,,LAST 4 of oLPN
,,,,,,WRIN,TRAILER ,,DISPATCH,,,,
,STOP,CASES,,DESCRIPTION,,,,,,,STORE,,
40,,31,,,REG BUN ,1570,17L,,10/25/2016 21:00,,17301,,
,,31,,,,,,,,,,,
CART ,,,,,,,,,,,,,
Page 88 of,,,90,,,,,,,Last printed:,,10/26/2016 14:38,
,,,,,,,,Checked by: ________________,,,,,
CART MANIFEST,,,,,,,,,,,,,
,,,,,,,,ROUTE :    ,,,,434,
,,,,,,,,,,,,,LAST 4 of oLPN
,,,,,,WRIN,TRAILER ,,DISPATCH,,,,
,STOP,CASES,,DESCRIPTION,,,,,,,STORE,,
40,,10,,,BIG MAC ,3423,17R,,10/25/2016 21:00,,17301,,9241
40,,4,,,QTR PNDER BN ,2558,17R,,10/25/2016 21:00,,17301,,9241
40,,10,,,ENGLISH MUFFIN,14201,17R,,10/25/2016 21:00,,17301,,9241
40,,4,,,REG BUN ,1570,17R,,10/25/2016 21:00,,17301,,
,,28,,,,,,,,,,,
CART ,,,,,,,,,,,,,
Page 89 of,,,90,,,,,,,Last printed:,,10/26/2016 14:38,
,,,,,,,,Checked by: ________________,,,,,
CART MANIFEST,,,,,,,,,,,,,
,,,,,,,,ROUTE :    ,,,,434,
,,,,,,,,,,,,,LAST 4 of oLPN
,,,,,,WRIN,TRAILER ,,DISPATCH,,,,
,STOP,CASES,,DESCRIPTION,,,,,,,STORE,,
30,,22,,,REG BUN ,1570,18R,,10/25/2016 21:00,,31410,,9180
30,,15,,,BIG MAC ,3423,18R,,10/25/2016 21:00,,31410,,9180
30,,4,,,ENGLISH MUFFIN,14201,18R,,10/25/2016 21:00,,31410,,9180
,,41,,,,,,,,,,,
CART ,,,,,,,,,,,,,
Page 90 of,,,90,,,,,,,Last printed:,,10/26/2016 14:38,
